358
377
98
50
264
231
380
21
254
47
62
46
179
79
86
168
310
257
34
28
18
228
395
201
385
117
372
105
91
294
64
335
225
78
116
211
97
366
148
67
246
58
131
312
174
358
377
98
50
264
231
380
21
254
47
62
46
179
79
86
168
310
257
34
228
18
28
117
385
201
395
372
105
91
294
64
335
225
78
116
211
97
366
148
67
246
58
131
312
174
358
377
98
50
264
231
380
21
254
47
62
46
179
79
86
168
310
257
34
28
18
228
395
201
385
117
372
105
91
294
64
335
225
78
116
211
97
366
148
67
246
58
131
312
174
358
377
98
50
264
231
380
21
254
47
62
46
179
79
86
168
310
257
34
228
18
28
117
385
201
395
372
384
163
105
91
294
64
335
225
78
116
211
97
366
148
67
246
58
131
312
174
358
377
98
50
264
231
380
21
254
47
62
46
179
79
86
168
310
257
34
28
18
228
395
201
385
117
372
215
286
205
107
384
163
105
91
294
64
335
225
78
116
211
97
366
148
67
246
58
131
312
174
358
377
98
50
264
231
380
21
254
47
62
46
179
79
86
168
310
257
34
228
18
28
117
385
201
395
372
105
91
294
64
335
225
78
116
211
97
366
148
67
246
